CENTER:33.36665306557188200000,126.21200984617725000000
TOP_LEFT:33.40814504716048100000,126.12040650612393000000
TOP_CENTER:33.42507663519884200000,126.19833833832858000000
TOP_RIGHT:33.44212664860928900000,126.27702616232574000000
BOTTOM_LEFT:33.29129644116817800000,126.14784332854241000000
BOTTOM_CENTER:33.30822335873122600000,126.22566982902499000000
BOTTOM_RIGHT:33.32526888227046400000,126.30425118372048000000
